4.043693770654499531e-04,-7.471497170627117157e-03,-2.459755400195717812e-03,5.061577539891004562e-03,3.427479532547295094e-04,-3.241245402023196220e-03,-1.439832965843379498e-03,-7.452146150171756744e-03,-7.038070354610681534e-03,9.289138950407505035e-03,1.570162276038900018e-04,-7.399679627269506454e-03,-5.128303542733192444e-03,-2.703934151213616133e-04,1.683287788182497025e-03,-4.194428620394319296e-04,-2.727991435676813126e-03,-6.648258306086063385e-03
-1.475169230252504349e-02,5.771524738520383835e-03,6.974224466830492020e-03,-9.721318483352661133e-01,-9.521541185677051544e-03,5.976130254566669464e-03,-2.197693474590778351e-02,-9.532674401998519897e-02,4.213003441691398621e-03,-3.951093181967735291e-03,1.474087871611118317e-02,2.003898657858371735e-02,-1.000000000000000000e+00,-1.646525226533412933e-02,-8.384003303945064545e-03,1.664629392325878143e-02,8.496166206896305084e-03,4.226645920425653458e-03
2.602337673306465149e-02,-8.123827166855335236e-03,-1.671261154115200043e-02,3.590091690421104431e-02,3.063143044710159302e-02,-1.299207378178834915e-02,2.845241501927375793e-02,-2.650974690914154053e-01,-5.687774624675512314e-03,4.482436459511518478e-03,-3.504949808120727539e-02,-5.987568292766809464e-03,-8.063297718763351440e-02,3.589808940887451172e-02,2.121272310614585876e-02,-2.626358158886432648e-02,-1.525996439158916473e-02,-6.011295598000288010e-03
-1.003422075882554054e-03,3.709214506670832634e-03,1.669233082793653011e-03,8.004367351531982422e-03,-4.373142961412668228e-03,1.118523417972028255e-03,8.047280833125114441e-03,-1.078856587409973145e-01,2.142612793250009418e-04,2.265106304548680782e-04,3.781633917242288589e-03,2.875374071300029755e-02,-1.033661246765404940e-04,-4.057141486555337906e-03,-2.681787358596920967e-03,1.224696636199951172e-03,1.531337620690464973e-03,2.927604655269533396e-04
2.867050003260374069e-03,-6.944985943846404552e-04,-2.207762096077203751e-03,4.857861902564764023e-03,5.492141004651784897e-03,-1.365473261103034019e-03,-5.035344511270523071e-02,-5.364389624446630478e-03,-2.710878034122288227e-04,1.631681952858343720e-04,-4.726531915366649628e-03,-1.297105848789215088e-01,-4.139374010264873505e-03,4.934350028634071350e-03,3.312594257295131683e-03,-2.942097373306751251e-03,-1.897686626762151718e-03,-2.969070919789373875e-04
-1.139595173299312592e-03,1.475711353123188019e-03,1.674674800597131252e-03,-4.628752358257770538e-03,-2.780253067612648010e-03,1.313284505158662796e-03,3.830207744613289833e-03,1.469483878463506699e-02,5.577977863140404224e-04,-3.719189553521573544e-04,2.429571468383073807e-03,2.824642695486545563e-03,2.667488995939493179e-03,-2.205976052209734917e-03,-2.042546169832348824e-03,1.242065802216529846e-03,1.499110134318470955e-03,6.129482062533497810e-04
-5.193927790969610214e-03,8.949505863711237907e-04,2.053237520158290863e-03,-4.825972020626068115e-03,-5.660382099449634552e-03,1.665530959144234657e-03,2.049751766026020050e-02,9.061051532626152039e-03,1.028137863613665104e-03,-9.208096889778971672e-04,5.623571574687957764e-03,1.086213812232017517e-02,3.899132367223501205e-03,-6.785234436392784119e-03,-2.965693827718496323e-03,5.237374920397996902e-03,2.017092658206820488e-03,1.047322759404778481e-03
-7.911097258329391479e-03,4.483147058635950089e-03,5.229348782449960709e-03,-2.187976427376270294e-02,-9.406830184161663055e-03,5.658094771206378937e-03,-3.339985152706503868e-03,1.249054074287414551e-02,4.500008653849363327e-03,-3.719489788636565208e-03,4.657332785427570343e-03,2.225133404135704041e-02,2.660337602719664574e-03,-9.677279740571975708e-03,-7.715165615081787109e-03,9.793222881853580475e-03,7.761077489703893661e-03,4.307822789996862411e-03
-3.020627889782190323e-03,1.434345729649066925e-03,1.704953960143029690e-03,-4.231037106364965439e-03,-2.291184850037097931e-03,9.044165490195155144e-04,1.897480338811874390e-03,4.242038819938898087e-03,4.195384099148213863e-04,-3.617245820350944996e-04,-1.060078102455008775e-05,-5.232106894254684448e-03,3.369559126440435648e-04,-8.055107318796217442e-04,-2.693347167223691940e-03,1.578908064402639866e-03,2.042781328782439232e-03,8.426685817539691925e-04
-8.240400813519954681e-03,2.231934340670704842e-03,4.594020545482635498e-03,-1.894119381904602051e-02,-9.111396968364715576e-03,4.573107697069644928e-03,-5.527129862457513809e-03,-3.276188159361481667e-03,2.869283780455589294e-03,-2.235327847301959991e-03,6.828126963227987289e-03,-2.189311664551496506e-03,-2.199945505708456039e-03,-6.896991748362779617e-03,-6.714904680848121643e-03,5.692463833838701248e-03,4.883192013949155807e-03,2.149284817278385162e-03
6.569994147866964340e-03,-3.260448342189192772e-03,-5.060363560914993286e-03,-9.196932613849639893e-02,8.419374935328960419e-03,-4.221956245601177216e-03,1.796934939920902252e-02,-8.372672833502292633e-03,-2.380872145295143127e-03,1.952480641193687916e-03,-8.494389243423938751e-03,-7.961349561810493469e-03,-1.188370138406753540e-01,8.395825512707233429e-03,6.136463023722171783e-03,-6.782405544072389603e-03,-4.631506279110908508e-03,-2.497343579307198524e-03
-1.127991918474435806e-02,4.132656846195459366e-03,8.238127455115318298e-03,2.604739926755428314e-02,-1.213311217725276947e-02,7.545675151050090790e-03,-2.782460860908031464e-02,8.230770938098430634e-03,4.897537641227245331e-03,-4.629665054380893707e-03,8.232673630118370056e-03,-7.450144737958908081e-03,6.315740942955017090e-02,-1.262722723186016083e-02,-9.948648512363433838e-03,8.779520168900489807e-03,6.929902359843254089e-03,5.414490122348070145e-03
-6.001676898449659348e-03,2.431263215839862823e-03,5.931376479566097260e-03,4.473678022623062134e-02,-7.691091857850551605e-03,6.526456214487552643e-03,-2.469079382717609406e-02,2.559380140155553818e-03,3.978474531322717667e-03,-3.176995320245623589e-03,8.463724516332149506e-03,-8.490086183883249760e-04,7.099388539791107178e-02,-8.712775073945522308e-03,-9.308391250669956207e-03,7.141680922359228134e-03,7.481840439140796661e-03,4.068737383931875229e-03
-4.413184709846973419e-03,2.756077097728848457e-03,9.465377777814865112e-03,1.844923198223114014e-02,-8.242154493927955627e-03,1.116514578461647034e-02,-1.844574324786663055e-02,-4.016066435724496841e-03,5.395300220698118210e-03,-7.668351754546165466e-03,6.730447523295879364e-03,-9.243475273251533508e-03,4.268404468894004822e-02,-4.461613949388265610e-03,-8.493204601109027863e-03,6.609681993722915649e-03,5.604018922895193100e-03,7.716333027929067612e-03
-7.738098502159118652e-03,2.709484426304697990e-03,2.076610457152128220e-03,3.672319650650024414e-02,-6.471844855695962906e-03,4.605977330356836319e-03,8.079598657786846161e-03,-1.740069128572940826e-02,3.611217252910137177e-03,-1.380764646455645561e-03,2.351643051952123642e-03,-3.119769133627414703e-02,4.165254533290863037e-02,-4.751496016979217529e-03,-5.249179899692535400e-03,5.639601033180952072e-03,6.228269077837467194e-03,2.819511108100414276e-03
-4.847132135182619095e-03,7.298629265278577805e-03,1.371001079678535461e-02,3.734952583909034729e-02,-1.546708866953849792e-02,1.224554982036352158e-02,-2.051991224288940430e-02,-1.141804978251457214e-01,1.392496656626462936e-02,-1.280036196112632751e-02,1.102700270712375641e-02,4.537751898169517517e-02,6.454388797283172607e-02,-1.143517997115850449e-02,-1.306749787181615829e-02,5.228100810199975967e-03,1.170224230736494064e-02,1.273888349533081055e-02
-5.258209072053432465e-03,1.303793396800756454e-02,4.271219018846750259e-03,2.050650492310523987e-02,-9.164699353277683258e-03,3.541876329109072685e-03,-4.863218870013952255e-03,-7.802484929561614990e-02,1.080927252769470215e-02,-5.653907079249620438e-03,6.052912212908267975e-03,7.546721491962671280e-03,2.743180282413959503e-02,-3.679477842524647713e-03,-5.500931758433580399e-03,5.884653888642787933e-03,7.449923548847436905e-03,6.429673638194799423e-03
1.726727234199643135e-03,-1.159792183898389339e-03,-6.774391513317823410e-03,-5.524402949959039688e-03,2.091830829158425331e-03,-5.278623662889003754e-03,1.358998566865921021e-02,1.299524307250976562e-02,-2.682273276150226593e-03,5.025198217481374741e-03,-7.966266945004463196e-03,-1.526073645800352097e-02,-2.422956749796867371e-02,2.536927582696080208e-03,3.248528577387332916e-03,5.168789721210487187e-05,-3.656661836430430412e-03,-6.286787334829568863e-03
1.107462961226701736e-02,-5.278096999973058701e-03,-1.127149537205696106e-02,-4.609301686286926270e-02,1.434483658522367477e-02,-1.156616862863302231e-02,2.926436439156532288e-02,4.116654023528099060e-02,-8.972185663878917694e-03,7.208609487861394882e-03,-1.295713149011135101e-02,1.079718396067619324e-02,-8.496256172657012939e-02,1.160438265651464462e-02,1.496898289769887924e-02,-6.499485112726688385e-03,-1.044274400919675827e-02,-9.738380089402198792e-03
